<Phenotype>
taxa	covariate	covariate	covariate	covariate	covariate
Taxa	PC1	PC2	PC3	PC4	PC5
33-16:C08L7ACXX:6:250047984	-0.015729645	-0.031943254	-3.6563797E-4	0.0026882477	-0.01678195
38-11:MRG:2:250040073	-0.05466567	-0.029255865	0.026836477	0.012741741	0.0019387016
4226:MRG:2:250040088	-0.027382808	-0.024803545	0.0017153313	0.0050222743	-0.004006116
4722:MRG:2:250040158	-0.026264122	-0.07265065	-0.12050752	0.016937751	0.004364401
A188:MRG:2:250040019	-0.017046528	-0.040888514	-0.016187815	-0.0012338551	-0.004027025
A214N:MRG:2:250040084	-0.06757958	0.089528665	0.008943101	0.021676017	-0.1393073
A239:C08L7ACXX:6:250047930	-0.044695195	-0.02966401	0.038806356	0.03739573	0.0019587495
A272:C08L7ACXX:6:250047954	0.02481069	0.010634862	-0.027563179	-0.0024278276	0.00484409
A441-5:MRG:2:250040026	0.012083509	-0.01136667	-0.010000051	-7.6904445E-4	-1.9005645E-4
A554:MRG:2:250039788	-0.036611747	-0.03892835	0.03298757	0.0025096608	0.018938184
A556:MRG:2:250040185	-0.043363776	-0.029010002	0.021491298	0.028312434	0.012300242
A6:MRG:2:250040034	0.09824505	0.032793716	-0.004223106	7.057911E-4	0.0010344412
A619:C08L7ACXX:6:250047940	-0.052541032	-0.0712887	0.070341654	0.086445466	0.04757633
A632:C08L7ACXX:6:250047950	-0.10793965	0.0898973	0.0064989096	0.015487291	-0.14816646
A634:MRG:2:250040129	-0.10172757	0.087617666	0.007291943	0.017597662	-0.14254962
A635:MRG:2:250040198	-0.1052442	0.08967939	0.010273266	0.015286297	-0.14140545
A641:MRG:2:250040046	-0.081299685	0.049145285	0.0071983556	0.024207644	-0.12602814
A654:MRG:2:250039834	-0.03246501	-0.043800876	0.045335796	0.0167376	0.010892446
A659:C08L7ACXX:6:250048004	-0.04525742	-0.027807267	0.04129379	0.044461854	-0.006980412
A661:MRG:2:250040149	-0.025211127	-0.030968096	0.0021454496	0.015185662	-0.0044665844
A679:MRG:2:250040001	-0.12068485	0.123554595	-0.04098121	-0.027969122	0.07289897
A680:C08L7ACXX:6:250047931	-0.13066913	0.13790804	-0.03241761	-0.02394658	0.06434309
A682:MRG:2:250039782	-0.043927442	-0.04351738	0.036379866	-0.09700021	-0.0018828636
Ab28A:MRG:2:250040159	-0.015894508	-0.026344946	0.0155339	-0.007368449	0.007913521
Ames26808:MRG:8:250040784	-0.067905195	0.009327697	0.017052213	0.011830193	0.01738036
Ames27128:81FE8ABXX:2:250032031	0.098124206	0.025447998	-9.646391E-4	-0.0052658026	0.006060208
Ames28290:81FENABXX:3:250034857	-0.028515238	-0.04067527	-0.00665248	0.011879035	-0.01905463
Ames28291:MRG:2:250042542	0.030163292	0.053748146	-0.001996609	0.00897614	-0.07072389
B10:C08L7ACXX:6:250047991	-0.094975606	0.06864515	0.016863136	0.016376445	-0.021001967
B103:MRG:8:250040806	-0.05847294	-0.0047340933	0.032082297	-0.005168915	-0.014106148
B104:C08L7ACXX:6:250047938	-0.10708628	0.09597123	-0.0015736207	-0.00460126	0.0082058115
B105:MRG:2:250040023	-0.082694516	0.052508585	0.0013709345	0.0040034233	0.013200162
B109:MRG:2:250039749	-0.12643778	0.1330898	-0.03086685	-0.017526941	0.04807278
B115:MRG:2:250040029	-0.029529024	-0.038164366	0.0017159666	0.0043524387	-0.0020343624
B14A:MRG:2:250040044	-0.11930407	0.11344966	0.009608913	0.017911412	-0.14218132
B164:MRG:2:250040176	-0.047150876	-0.0065975282	0.013645936	0.016647726	0.0013025525
B2-good:MRG:2:250040187	-0.042439967	-0.010953053	0.029013874	0.010123837	-0.00365509
B37:MRG:2:250040081	-0.09747313	0.06373185	-0.0038332492	-5.855872E-4	0.063853346
B46:MRG:2:250040209	-0.0712931	0.001650646	0.042602982	0.044192046	-0.023126857
B52:MRG:2:250040039	-0.050214484	-0.021397853	0.042995084	0.0060441806	0.026192836
B57:MRG:2:250040068	-0.016578892	-0.027659386	0.0030219096	0.004789854	-0.0012989404
B64:MRG:2:250040027	-0.076243125	0.096168905	0.0057933093	0.01910968	-0.14702778
B68:MRG:2:250040182	-0.094402425	0.10121401	0.009355878	0.020502394	-0.15388487
B73:MRG:8:250040827	-0.13508326	0.14558238	-0.034159753	-0.02427042	0.06245382
B73(PI550473):62P7LAAXX:1:250025587	-0.1343818	0.14443907	-0.03354677	-0.024545904	0.06203248
B73Htrhm:MRG:2:250039750	-0.13346191	0.1443923	-0.033624396	-0.02435882	0.06345328
B75:MRG:2:250040146	-0.03915121	-0.02933327	0.043703005	0.017410722	0.0057727024
B76:MRG:2:250039819	-0.08629505	0.05256953	-0.0051795864	-0.002017382	0.06149886
B77:C08L7ACXX:6:250047998	-0.0126180155	-0.027079822	0.008390417	-0.015906205	-0.008996718
B79:MRG:2:250040167	-0.069386065	0.0044138287	0.036661282	0.044283472	-0.03646065
B84:C08L7ACXX:6:250047993	-0.108170085	0.09932993	-0.009827712	-0.004195053	0.019708553
B97:MRG:8:250040809	-0.03754516	-0.028785482	0.028387636	0.02190831	0.0047094235
B97(PI564682):62P7LAAXX:4:250027958	-0.037910037	-0.026986245	0.027683398	0.021174615	0.0050630006
C103:C08L7ACXX:6:250048011	-0.028893376	-0.08165396	0.031691268	-0.16038369	-0.015779862
C123:MRG:2:250040062	-0.023640545	-0.0700838	0.017107293	-0.12342598	-0.014917305
C49A:MRG:2:250040127	-0.028615965	-0.040633556	-0.0064841434	0.011953847	-0.01877083
CH701-30:C08L7ACXX:6:250047933	-0.034938574	-0.026315806	0.017938336	0.017742293	5.061032E-4
CH9:MRG:2:250040206	-0.03040909	-0.032846358	0.052416597	0.016834203	0.020206768
CI.7:C08L7ACXX:6:250047981	-0.025374644	-0.029155498	0.0036490436	0.003919213	-0.006889018
CI187-2:MRG:2:250040025	0.0048074406	-0.014314545	0.018137762	0.019070106	0.0048902943
CI21E:MRG:2:250040015	-0.04647279	0.013718166	0.01562887	0.013555919	0.013328914
CI28A:MRG:2:250039772	-0.009284053	-0.008253813	0.024365984	0.008226487	-0.0074373707
CI31A:MRG:2:250040215	-0.017660737	-0.020690132	1.973032E-4	6.1146927E-4	-1.6017354E-4
CI3A:MRG:2:250039777	-0.030303305	-0.025370073	0.0045380616	0.012255881	-0.01644654
CI64:MRG:2:250040128	0.0108466195	-0.019687122	-0.0055334573	0.008544902	-0.010517413
CI66:C08L7ACXX:6:250047983	0.01027604	-0.021173485	-0.0012954653	0.0048625246	0.0014818391
CI90C:MRG:2:250040147	-0.00553968	-0.024446823	0.022249432	0.03221265	0.012019402
CI91B:MRG:2:250040199	-0.05778802	0.0030651088	0.031118738	-0.029949315	0.043216836
CM105:C08L7ACXX:6:250047997	-0.11126238	0.091121145	-0.003530302	0.01797586	-0.10317635
CM174:MRG:2:250039752	-0.10103602	0.07112117	-8.4258954E-4	0.022372205	-0.13007298
CM37:MRG:2:250040174	-0.051297825	-0.07650948	-0.060069572	0.0041133612	-0.027476404
CM7:MRG:2:250040047	-0.029498288	-0.043768883	-0.016498705	0.005187625	-0.010738807
CML10:MRG:2:250040181	0.100459896	0.023850603	-0.0042569577	0.0074917474	-0.0029399947
CML103:MRG:8:250040815	0.06434798	0.0144256735	-0.0093637435	0.0040195617	-0.0052614636
CML103(Ames27081):62P7LAAXX:4:250027883	0.062517494	0.01710923	-0.009213767	0.0043238336	-0.00448087
CML108:MRG:2:250040154	0.07447363	0.014395184	-0.0031064176	-0.0039124037	-7.3834375E-4
CML11:MRG:2:250040005	0.0998996	0.025336633	-0.0038855828	0.0071136286	-0.0029555685
CML14:C08L7ACXX:6:250047945	0.09573215	0.0278668	-0.0037825652	0.0037982087	-0.002963801
CML154Q:MRG:2:250040190	0.09145618	0.022184277	0.002659954	0.004276478	-0.002245816
CML157Q:C08L7ACXX:6:250048008	0.091184005	0.022590902	-0.005127262	0.0055979234	-0.0013550717
CML158Q:MRG:2:250040066	0.08976506	0.02528073	-0.008339783	0.0032179563	-8.2787557E-4
CML206:81N4HABXX:3:250033178	0.08370871	0.017230453	-0.0032921568	0.0011813578	-0.0053420546
CML206(Krakowsky):MRG:2:250042365	0.08355767	0.01721629	-0.0031027494	0.0010724647	-0.0053624744
CML218:MRG:2:250040138	0.088402346	0.021832107	-0.0049164146	0.0028009596	4.358953E-4
CML220:C08L7ACXX:6:250047985	0.08471124	0.021190636	-0.0031322946	0.009466415	-0.0035183316
CML228:MRG:8:250040805	0.09819186	0.031550735	-0.0029305785	0.0021567792	0.0063847094
CML228(Ames27088):62P7LAAXX:4:250027960	0.0952135	0.032864593	-0.0031821176	0.0016938805	0.006966821
CML238:C08L7ACXX:6:250047992	0.097343996	0.024030482	0.0011477147	4.8518402E-4	4.2852396E-4
CML247:MRG:8:250040838	0.10303221	0.02840337	-0.007887844	0.005514588	-0.0024694884
CML247(PI595541):62P7LAAXX:4:250027894	0.10134497	0.028647043	-0.008092509	0.0049269134	-0.0026842894
CML254:MRG:2:250040087	0.09729185	0.020694176	-0.004825223	0.0056355726	-0.0054336125
CML258:C08L7ACXX:6:250047962	0.09768402	0.024731465	-0.0054154834	0.007847461	8.3400164E-4
CML261:MRG:2:250040170	0.09433653	0.024898775	-0.0014550567	0.007022029	-0.003111464
CML264:MRG:2:250040021	0.09956587	0.02537915	-0.0014061921	0.006799805	-0.004012273
CML277:MRG:8:250040807	0.09988939	0.03243968	-0.005525058	0.008909127	0.0027547178
CML277(PI595550):62P7LAAXX:4:250027904	0.097355716	0.033419516	-0.005857787	0.008067582	0.003968237
CML281:C08L7ACXX:6:250047928	0.09278397	0.028942322	-1.5857647E-4	0.003878694	-0.0023376527
CML287:C08L7ACXX:6:250047941	0.09517289	0.022678826	-0.0041633626	0.0044970633	-0.002222245
CML311:C08L7ACXX:6:250048014	0.08164999	0.018004319	-0.0071789967	0.009751964	-0.0063472125
CML314:MRG:2:250040006	0.09335189	0.021031655	-0.0036690007	0.008365153	0.001080608
CML321:MRG:2:250040080	0.09594277	0.019723604	-0.0049927165	0.0015736438	7.252564E-4
CML322:MRG:8:250040829	0.07975285	0.034254096	-0.0036061965	0.016085774	-0.017608674
CML322(Ames27096):62P7LAAXX:4:250027942	0.07834825	0.035120744	-0.0038145087	0.0153384	-0.016833132
CML323:C08L7ACXX:6:250047968	0.05383938	0.011225664	-0.0066740154	-4.384586E-5	-0.011138847
CML328:MRG:2:250040151	0.0761811	0.012587332	-0.0068956716	0.005871267	-0.0034813734
CML330:81N4HABXX:2:250033056	0.096421406	0.021240087	0.0028684349	0.0047396733	-0.0019689035
CML331:MRG:2:250040037	0.09087369	0.030381424	-0.0035939675	0.012218414	-0.010533326
CML332:C08L7ACXX:6:250047996	0.095287606	0.030298337	-0.004800018	0.010083039	-0.005606181
CML333:MRG:8:250040811	0.075638786	0.026595758	-0.0034210074	-5.4322527E-4	-0.0029708892
CML333(Ames27101):62P7LAAXX:4:250027879	0.07415977	0.027605638	-0.0036820918	-0.0012490881	-0.0024185649
CML341:MRG:2:250040010	0.09638437	0.030102117	-0.004896648	0.003875587	-9.252514E-5
CML38:MRG:2:250040177	0.09962902	0.025599921	-0.002278873	0.0039331377	-0.0044737146
CML418:81FE7ABXX:7:250031818	0.07818409	0.021730158	-0.009446329	0.0042380397	-0.004095237
CML45:MRG:2:250039776	0.10039474	0.025673037	-9.978596E-4	0.0060052057	0.0026081963
CML5:MRG:8:250040818	0.09567262	0.023140732	-0.003336557	0.0057167048	-0.0036278963
CML52:MRG:8:250040810	0.09581046	0.029543193	-0.006830816	0.0045058574	0.00475873
CML52(PI595561):62P7LAAXX:4:250027899	0.0923203	0.032953903	-0.007960689	0.0061575584	0.005759034
CML61:MRG:2:250040175	0.09719072	0.025726216	-0.005981771	0.0052779107	-0.0011479824
CML69:MRG:8:250040822	0.092342176	0.032203477	-0.0061517716	0.0047201063	0.0035475679
CML69(Ames28184):62P7LAAXX:4:250027909	0.08991856	0.03294303	-0.007279058	0.0033347341	0.0043742694
CML77:MRG:2:250040083	0.057669483	0.021140393	-0.0036154275	-0.0040969253	-0.012893781
CML91:MRG:2:250039838	0.061509248	0.015596723	-0.0029823696	0.003636074	-0.018986164
CML92:C08L7ACXX:6:250047942	0.054506708	0.033235308	0.008517278	0.014631628	-0.017615596
CMV3:MRG:2:250040191	-0.030127624	-0.03327102	-0.013606242	0.01787356	-0.030694976
CO106:C08L7ACXX:6:250047961	-0.024472786	-0.03731692	-0.0032940798	0.009112476	-0.0056919996
CO125:C08L7ACXX:6:250047975	-0.022889897	-0.02829143	1.9886869E-4	0.00963014	0.005714542
CO255:MRG:2:250040207	-0.016222429	-0.054722086	-0.05115549	0.010432332	-0.0065985178
D940Y:MRG:2:250040091	0.009154552	-0.025603294	0.008818658	-0.014446346	-0.0069043967
DE1:MRG:2:250040061	-0.03272938	-0.027956316	0.04447864	-0.0022503173	0.014756966
DE811:MRG:2:250040133	-0.07113134	0.06621739	0.011626847	-0.020732755	-0.10055453
DE_2:MRG:2:250039746	-0.03564668	-0.024428196	0.042868823	0.0011328057	0.017405147
DE_3:C08L7ACXX:6:250047936	-0.040338725	-0.005878065	0.021758618	-0.03078596	0.02116636
E2558W:MRG:2:250040203	0.012071565	-0.024042439	-0.0015339225	0.0056821154	-0.0072011356
EMPTY:MRG:2:250040222	-0.036856692	-0.095231734	0.06275875	0.08138146	0.03989842
EP1:C08L7ACXX:6:250048006	0.004172512	-0.04822902	-0.06595335	0.0020306727	-0.0060119587
F2834T:MRG:2:250040042	0.046758946	-0.0035543223	-0.009710231	0.0056376336	-0.0058182045
F44:MRG:2:250040153	0.010993677	-0.022865739	-0.008024427	-0.004727789	-0.003105429
F6:C08L7ACXX:6:250047964	0.004846602	-0.029548632	-0.006065552	-0.008939052	-0.0047894716
F7:C08L7ACXX:6:250048005	-0.01682956	-0.06414547	-0.0688199	0.006076733	-0.006457656
GA209:MRG:2:250040014	-4.164292E-4	-0.025758428	-0.010063516	-0.0015101279	-0.005712937
GT112:MRG:2:250040054	0.023065215	-0.019681543	0.0050510243	-0.020788977	-0.0012638365
H105W:MRG:2:250040018	-0.08755605	0.062797256	0.0034399836	0.012791317	-0.13607389
H49:MRG:2:250040032	-0.030961225	-0.034141917	0.080754176	0.013979178	0.02448306
H84:MRG:2:250040171	-0.07589354	0.042154096	-0.0047916765	-0.005092485	0.045582674
H91:C08L7ACXX:6:250047979	-0.111651845	0.10710117	0.013348097	0.016927663	-0.1410572
H95:MRG:2:250039837	-0.029455962	-0.049337488	0.055544484	0.07199995	0.042384423
H99:MRG:2:250040040	-0.029226022	-0.043023515	0.033384122	0.0429977	0.025109926
HP301:MRG:8:250040835	-0.028089382	-0.07454356	-0.14305274	0.016494732	0.010135288
Hi27:MRG:2:250040013	0.03627599	0.05603141	0.0027371782	0.008308564	-0.07413947
Hp301(PI587131):62P7LAAXX:5:250028178	-0.028265212	-0.07318682	-0.1418345	0.015876913	0.010367041
Hy:MRG:2:250040035	-0.06755633	0.008497409	0.023103764	0.016937368	0.014854237
I137TN:C08L7ACXX:6:250048000	0.03611032	-0.010315295	-0.011988028	0.003256497	-0.002482887
I205:MRG:2:250040145	-0.058590036	0.017992934	0.018447293	0.012605309	-0.02870368
I29:C08L7ACXX:6:250047999	-0.011543801	-0.054453455	-0.07884576	0.0107136	-0.009509578
IA2132:MRG:8:250040837	-0.058378432	-0.08191659	-0.087024465	0.0044008023	-0.0013512773
IDS28:C08L7ACXX:6:250048002	-0.025911072	-0.06795766	-0.0871627	0.012377067	0.0038790465
IDS69:MRG:2:250040148	-0.02823757	-0.07704506	-0.14090613	0.017600358	0.011745437
IDS91:MRG:2:250040055	-0.028441371	-0.07850641	-0.1410038	0.018377649	0.012770435
IL14H:81FE7ABXX:1:250031045	-0.072541565	-0.10275652	-0.12303142	0.0044464315	-0.007982437
Ia5125:MRG:2:250040164	-0.060094878	-0.075852446	-0.070474215	0.008474552	-0.0075771827
Il101:MRG:2:250040093	-0.08026004	-0.108549856	-0.117321976	0.004119766	-0.008767011
Il14H:MRG:8:250040821	-0.07200984	-0.1058531	-0.124370545	0.004970582	-0.009187415
Il14H(Ames27118):62P7LAAXX:5:250028215	-0.072347425	-0.10302958	-0.12318804	0.004484375	-0.008118584
Il677a:MRG:2:250040074	-0.051440924	-0.0824407	-0.096721	0.006695681	-0.009298062
K148:MRG:2:250040184	-0.011365147	-0.029666742	0.0027103773	0.0076985676	0.0019308816
K4:MRG:2:250040162	-0.02358756	-0.01970313	0.011416539	0.005890386	0.002136434
K55:C08L7ACXX:6:250047986	-0.008718373	-0.028308138	-0.0061282604	2.7864246E-4	-0.001987016
K64:MRG:2:250040197	-0.012648035	-0.027203735	-0.0059137354	0.0069953543	-0.013146015
KE_Maize634:B81RP7ABXX:5:250014492	0.083000146	0.016691444	-0.0050014136	0.009305711	-0.0019502364
KY226:MRG:2:250040192	-0.0031723895	-0.002514434	0.025583185	0.017199479	0.030915366
KY228:MRG:2:250040205	-0.011725492	-0.033198282	-0.0037383533	0.002548842	-0.0035049801
Ki11:MRG:8:250040812	0.0887357	0.029285472	0.0012803217	-0.0017353605	0.0018871264
Ki11(Ames27124):62P7LAAXX:5:250028170	0.086987	0.03000558	0.0010780429	-0.0020506463	0.0028488166
Ki14:C08L7ACXX:6:250047943	0.09246284	0.027114075	-0.0013689611	-0.0026283509	0.0018926547
Ki2021:MRG:2:250040139	0.09780936	0.025209215	-0.0012363016	-0.0053146654	0.0057806554
Ki21:MRG:2:250040067	0.042530645	-0.00513165	0.023581922	-0.06835632	0.012268836
Ki3:MRG:8:250040831	0.10052615	0.03144076	-0.0024914036	0.0019095467	0.0067342627
Ki3(Ames27123):62P7LAAXX:5:250028180	0.09900967	0.03186545	-0.0022263895	0.0019651905	0.0073984643
Ki43:MRG:2:250040196	0.08715636	0.014314186	0.0044236155	-7.792221E-4	-0.0010448401
Ki44:MRG:2:250040152	0.08201584	0.021895995	0.001414786	0.0057606366	0.009792809
Ky21:MRG:8:250040813	-0.020717042	-0.026634129	-0.011429988	-0.0034368054	-0.011881538
Ky21(Ames27130):628P9AAXX:2:250024968	-0.021050123	-0.025970116	-0.0117959995	-0.0035774247	-0.011634511
L317:C08L7ACXX:6:250047944	-0.020729693	-0.05052201	-0.0031738938	0.005875276	-0.011062167
L578:MRG:2:250040048	0.03068443	-0.011064594	-0.0013839958	-0.014146773	-0.0064798123
M14:C08L7ACXX:6:250047977	-0.053228732	-0.031120423	0.02924571	0.032021377	0.008913398
M162W:MRG:8:250040834	0.020631302	-0.017729701	5.290529E-4	0.008903927	-0.012002264
M162W(Ames27134):628P9AAXX:4:250025094	0.020260548	-0.01722525	8.1687054E-4	0.008549719	-0.011704652
M37W:MRG:8:250040826	0.032204144	-0.008100563	-0.006158429	-0.0010453844	-0.0069991653
M37W(Ames27133):62P7LAAXX:5:250028192	0.03118457	-0.0067761536	-0.0060575935	-0.0013069168	-0.0061436766
MEF156-55-2:MRG:2:250040202	-0.052137267	-0.08154239	-0.07649208	0.0030393826	0.0020939622
MO1W:MRG:2:250040219	-0.015081942	-0.025141638	0.0784992	0.012133473	0.025460135
MR19_(Santo_Domingo):81N4HABXX:1:250032950	0.0010005243	-0.028138228	-0.040547293	0.0017865794	-0.00246746
MR20_(Shoe_Peg):81N4HABXX:1:250032961	-0.0118648745	-0.020343885	0.0035869372	-0.0033348738	-0.0055601597
MR20_(Shoe_Peg)_S7:81N4HABXX:1:250032897	-0.009953485	-0.019751322	0.0034844584	-0.0042972676	-0.0050210184
MS1334:MRG:2:250040085	-0.01775613	-0.036935017	-0.013944892	-6.863906E-4	-0.004063697
MS153:MRG:2:250040218	-0.043523695	-0.044300243	-0.0102353515	0.02591683	0.0090286555
MS71:MRG:8:250040817	-0.049451362	-0.021716334	0.02695017	0.028319245	0.00922134
MS71(PI587137):709G4AAXX:2:250025847	-0.050238308	-0.020165967	0.026227212	0.027352396	0.009933598
Mo17:C00R8ABXX:6:250007676	-0.042853564	-0.044807453	0.03862929	-0.12915096	0.013276955
Mo17(PI648430):62P7LAAXX:4:250027967	-0.042713128	-0.0443201	0.03835915	-0.12932043	0.013451943
Mo18W:MRG:8:250040814	0.059091788	0.005648123	0.020799099	0.004935952	0.0037371719
Mo18W(PI550441):62P7LAAXX:1:250025598	0.058563944	0.005931748	0.02087681	0.0049096746	0.0039462135
Mo24W:MRG:2:250040043	0.0028535668	-0.012403732	-0.0041215736	-0.0012954152	0.0040278006
Mo44:MRG:2:250040050	-0.046948723	-0.026345246	0.04475511	0.021371484	0.0142730195
Mo45:MRG:2:250040213	-0.02698392	0.006157799	0.01666271	-0.02439206	-0.011424337
Mo46:MRG:2:250040028	-0.03598852	-1.3744242E-4	0.029009942	-0.031705957	-0.0027825774
Mo47:MRG:2:250040136	-0.014718682	0.009608393	0.0059445896	-0.012132047	-0.011334149
MoG:MRG:2:250040000	-0.017057614	-0.030204656	-0.00927136	-3.064303E-4	-0.013058537
Mp339:MRG:2:250040217	0.01710299	-0.013639042	-0.002380335	0.0016571322	-0.01015572
Mt42:MRG:2:250040078	-0.024760794	-0.035932604	-0.011607708	0.007575102	-0.012512408
N192:MRG:2:250040210	-0.13030101	0.14003393	-0.020069277	-0.013447158	-0.007476286
N28Ht:MRG:2:250040201	-0.08046935	0.051874913	0.005721415	0.0067778532	-0.002573064
N6:MRG:2:250040002	-0.021384317	-0.028739382	-0.0077538183	0.0048250933	0.0022522185
N7A:MRG:8:250040820	-0.08059544	0.038543824	0.016494699	0.015633678	-0.04727269
NC222:MRG:2:250040183	-0.004997556	-0.028524974	-0.0065867	4.1150342E-4	-0.009629075
NC230:C08L7ACXX:6:250047946	-0.008734315	-0.03174543	-0.011451515	-0.005534452	-0.0024472156
NC232:MRG:2:250040051	-0.0037628338	-0.023104483	0.034720406	0.0048377113	0.008002494
NC236:MRG:2:250040160	-0.012881989	-0.027306383	-0.0041053016	-0.005470935	0.0023871672
NC238:MRG:2:250040132	0.0097404225	-0.021566646	0.0124786645	-0.016677974	-0.0017543159
NC250:C08L7ACXX:6:250047923	-0.058592156	0.065661326	-0.009797463	-0.012683347	0.078891136
NC258:MRG:2:250040216	-0.016868608	-0.06952671	0.03064065	-0.16246475	-0.022176672
NC260:MRG:2:250040024	-0.038024686	-0.02848298	0.043322045	-0.018976985	0.012379662
NC262:C08L7ACXX:6:250047948	-0.017147208	-0.06868166	0.035718404	-0.17347425	-0.020693889
NC264:MRG:2:250040075	0.040931445	-0.014955891	-0.015935896	0.0030336366	-0.0051194844
NC290A:C08L7ACXX:6:250047937	-0.01523916	-0.06995521	0.03674957	-0.17787719	-0.017828267
NC294:MRG:2:250040036	-0.11378789	0.12334122	-0.029122446	-0.02684383	0.09814625
NC296:MRG:2:250040053	0.13318743	0.042336322	-0.009765663	0.013410222	0.017363558
NC296A:MRG:2:250040056	0.13272361	0.04257769	-0.009387433	0.013885128	0.018211411
NC298:C08L7ACXX:6:250047971	0.12552151	0.039322995	-0.0026391032	0.009145993	0.014378141
NC300:C08L7ACXX:6:250047982	0.105554484	0.026000302	-0.0013325764	-0.0017732197	0.0059068785
NC302:MRG:2:250040180	0.12291664	0.040995844	-0.004484176	0.012377791	0.01603868
NC304:MRG:2:250040169	0.112611935	0.038813405	-0.006005977	0.005884244	0.016071038
NC306:MRG:2:250040076	-0.111638345	0.13525638	-0.035838757	-0.02734381	0.09428231
NC310:MRG:2:250040065	-0.12668408	0.14425683	-0.026911581	-0.021077069	0.07410308
NC314:MRG:2:250040194	-0.10004683	0.12002202	-0.029028773	-0.027386652	0.08830418
NC318:C08L7ACXX:6:250047989	0.03192055	-0.017121598	-0.010248481	8.340731E-4	-0.007129253
NC320:C08L7ACXX:6:250047967	0.040184088	-0.011856036	-0.0027398502	0.0032362256	-0.008296912
NC324:MRG:2:250040069	-0.093028665	0.11949134	-0.028028268	-0.026940852	0.09246377
NC326:MRG:2:250040166	-0.13363229	0.14607203	-0.031928595	-0.023433998	0.06311727
NC328:C08L7ACXX:6:250047932	-0.12553653	0.14137638	-0.028555555	-0.023384165	0.08194111
NC33:MRG:2:250040089	-4.1202577E-5	-0.0283065	-0.00519108	5.009326E-4	-0.0019914948
NC336:MRG:2:250040052	0.13308714	0.043659292	-0.0076190955	0.012694395	0.01791929
NC338:C08L7ACXX:6:250047953	0.123637855	0.040658355	-0.0113967275	0.0072529204	0.013723919
NC340:MRG:2:250040057	0.1056566	0.026177486	-0.0040232535	-0.0017138878	0.0064634494
NC342:MRG:2:250040007	-0.01664947	-0.06452947	0.035781663	-0.16643165	-0.017586317
NC344:MRG:2:250040004	-0.014657933	-0.06937363	0.032595847	-0.16761181	-0.019544603
NC346:MRG:2:250040189	0.13259187	0.042289026	-0.008706626	0.014316383	0.018247254
NC348:MRG:2:250040064	0.12344294	0.038069542	-0.0046251914	0.008211298	0.013050545
NC350:MRG:8:250040836	0.12052849	0.04311677	-0.0047094566	0.009514894	0.017578876
NC350(Ames27171):62P7LAAXX:5:250028205	0.11771389	0.04425062	-0.005171589	0.008644551	0.017944396
NC352:MRG:2:250040179	0.13318492	0.043241285	-0.0073088533	0.012356686	0.017489178
NC354:MRG:2:250040079	0.12450672	0.042240627	-0.0046222126	0.010409084	0.018031625
NC356:C08L7ACXX:6:250047939	0.1034157	0.024016332	-0.0049297595	0.004204636	0.010391955
NC358:MRG:8:250040819	0.09778036	0.03012892	-0.014526212	0.0014216132	0.0061170217
NC358(Ames27175):709G4AAXX:3:250026355	0.09584293	0.030922063	-0.014202842	0.0013452391	0.006753813
NC360:MRG:2:250040155	0.04689035	-0.025677778	0.023096517	-0.12508109	-0.012480121
NC362:MRG:2:250040220	0.028547544	-0.0431125	0.025656251	-0.14894652	-0.01712123
NC364:C08L7ACXX:6:250047976	0.028724523	-0.043226518	0.025585499	-0.14878768	-0.017024556
NC366:MRG:2:250040172	0.04616907	-0.0029136627	0.011340551	-0.032118607	-0.006099458
NC368:MRG:2:250039784	-0.103386	0.12914899	-0.029349651	-0.02105506	0.08542379
ND246:MRG:2:250040045	-0.028238399	-0.044287115	-0.01330037	0.01481489	-6.587293E-4
OH7B:MRG:8:250040830	-0.05317427	-0.0026363605	0.02587353	0.018775634	-0.045056343
Oh40B:C08L7ACXX:6:250047980	-0.04399603	-0.079647295	0.045199934	0.051277503	0.035103925
Oh43:MRG:8:250040825	-0.057470657	-0.072253615	0.07954682	0.094349325	0.05088754
Oh43(Ames19288):709G4AAXX:6:250026736	-0.05655917	-0.07089526	0.07868793	0.092455976	0.05023146
Oh43E:C08L7ACXX:6:250047973	-0.056442816	-0.07177188	0.08817169	0.08725396	0.054586224
Oh603:C08L7ACXX:6:250047972	0.0027047663	-0.021064825	0.038369752	-0.029533686	0.003320183
Oh7B(Ames19323):70980AAXX:1:250026990	-0.053410094	-0.0019531865	0.025905058	0.018153202	-0.043744914
Os420:C08L7ACXX:6:250047960	-0.048900798	-0.014565778	0.018361725	0.014203895	0.008199668
P39:MRG:8:250040828	-0.080950275	-0.110063836	-0.12224147	0.0034196211	-0.005525863
P39(Ames28186):MRG:2:250027117	-0.08087457	-0.10909198	-0.12173675	0.003260108	-0.0052409493
Pa762:MRG:2:250040188	-0.047620736	-0.0690625	0.06995706	0.07529028	0.043274444
Pa875:MRG:2:250039820	-0.011676745	-0.022808762	0.032161854	8.67986E-4	0.022400243
Pa880:MRG:8:250040824	-0.019395906	-0.024339713	0.047136154	-0.010354504	0.013047036
Pa91:MRG:2:250040163	-0.058349345	-0.05891977	0.07964972	0.048583105	0.036336433
R109B:C08L7ACXX:6:250047926	-0.029589366	-0.023933807	0.01149124	0.017605787	0.0028331678
R168:C08L7ACXX:6:250047929	-0.0480035	-0.037514314	0.02256291	0.030360965	-0.0028358242
R177:MRG:2:250040072	-0.04288759	-0.047400568	0.04192507	0.050191578	0.011318637
R229:MRG:2:250040041	-0.11672743	0.14275101	-0.032390796	-0.024827687	0.06740194
R4:MRG:2:250040086	-0.05524669	-0.0200806	0.046188537	0.038229443	0.025489554
SA24:MRG:2:250040033	-0.020315843	-0.076755576	-0.12174762	0.01304907	0.01209038
SC213R:C08L7ACXX:6:250047978	0.020150123	-0.022187762	0.005636826	-0.021230623	-0.006117974
SC357:MRG:2:250040094	0.014367951	-0.01701924	-0.0049915332	-0.008654878	-0.011961809
SC55:MRG:2:250040090	0.028305743	-0.018435996	-0.010568267	-0.009847781	-0.0051029418
SD40:MRG:2:250040070	-0.06645082	0.016798263	0.026122494	-0.013624583	0.011290764
SD44:MRG:2:250040030	-0.043693583	-0.03128674	0.055825815	0.019286294	0.03054269
Sg1533:MRG:2:250040200	-0.01805493	-0.06981824	-0.11541853	0.022160389	0.0055542416
Sg18:C08L7ACXX:6:250047958	-0.025393104	-0.068901144	-0.12831846	0.02097791	0.0043501183
T232:MRG:2:250040156	-0.013076711	0.004289006	-0.0037345155	0.008387819	-0.031091066
T234:MRG:2:250040008	-0.013388893	-0.028782912	0.009204735	0.006186556	-0.005168514
T8:MRG:2:250040060	-0.0030416853	-0.04068813	0.032140538	-0.022072012	-0.0015000293
Tx303:MRG:8:250040816	0.03177785	2.5912395E-4	-0.0026874247	0.005524784	-9.2011574E-4
Tx303(Ames19327):MRG:2:250027498	0.030543648	0.0015208331	-0.0029944784	0.0048791757	-6.262311E-4
Tx601:MRG:2:250040059	0.08332016	0.014779552	-0.005483151	0.0053384136	9.449536E-4
Tzi10:MRG:2:250040038	0.08618822	0.017441211	-0.007693682	-8.200932E-4	-0.0020704698
Tzi11:MRG:2:250040092	0.060387123	0.022726	-0.0050411257	-0.006534848	0.003014659
Tzi16:MRG:2:250040058	0.02565211	0.030587038	-0.0040647616	7.540383E-4	0.01130531
Tzi18:MRG:2:250040049	0.09433972	0.025034642	-0.0021939254	0.003844676	-0.0038907125
Tzi25:C08L7ACXX:6:250047965	0.009835893	0.06837862	-0.015195779	-0.0090486165	0.026744986
Tzi8:MRG:8:250040823	0.08359517	0.028623398	-1.5372856E-4	0.002456254	0.0017516859
Tzi8(PI506246):MRG:2:250027752	0.08707562	0.028504139	-0.0012427389	0.0011680506	0.0034390178
Tzi9:MRG:2:250040017	0.08391802	0.01766389	0.0016522101	0.0072419746	-0.0042049917
U267Y:MRG:2:250040221	0.019442968	-0.01981084	0.026356408	-1.9149782E-6	0.00941387
VA102:MRG:2:250040204	-0.12108089	0.1241295	-0.04097584	-0.027945235	0.073460676
Va14:MRG:2:250040022	-0.024764786	-0.04613792	0.07478783	-0.008346992	0.018449277
Va17:MRG:2:250040077	-0.027220733	-0.049199328	0.08609098	-0.0113135865	0.02072061
Va22:C08L7ACXX:6:250048010	-0.018096464	-0.050181262	0.06409803	-0.044175997	0.010054031
Va26:MRG:2:250040214	-0.04974871	-0.059223097	0.067504436	0.08223458	0.04363574
Va35:C08L7ACXX:6:250047974	-0.011917429	-0.055937745	0.037723884	-0.07085693	-0.0077004232
Va59:C08L7ACXX:6:250047955	-0.012371311	-0.061009325	0.03933061	-0.1030231	-0.010744455
Va85:MRG:2:250040165	-0.039142605	-0.043364126	0.02910643	0.017588546	0.008481489
Va99:MRG:2:250039826	-0.063679785	-0.026416257	0.055848006	0.041558195	-0.009845739
VaW6:MRG:2:250040082	-0.008673772	-0.025235439	0.04162874	0.0290194	0.018020794
W117Ht:C08L7ACXX:6:250047949	-0.021724729	-0.039559778	-0.007913305	0.009289275	-0.0058882935
W153R:C08L7ACXX:6:250048003	-0.027564969	-0.04470991	0.027357632	0.0361654	0.0065407716
W182B:MRG:2:250039832	-0.0408526	-0.047275838	0.019649625	0.030203715	-9.207469E-4
W22:MRG:8:250040808	-0.044665918	-0.037983865	0.047354065	0.052362252	4.0005578E-4
W22R-r-std_CS-2909-1:MRG:2:250040186	-0.04494855	-0.038732406	0.047844905	0.051908076	-8.1488665E-4
W64A:MRG:2:250040195	-0.052307416	-0.023485921	0.076098025	-0.0067337696	0.04188732
WD:C08L7ACXX:6:250047935	-0.027953835	-0.048443545	-0.014797897	0.004729463	0.0014940781
Wf9:MRG:2:250040168	-0.050132688	-0.037791744	0.092428036	0.012242552	0.031837247
Yu796_NS:MRG:2:250040150	-0.024024978	-0.02389276	0.0031637186	-0.032230504	-0.007112478
tripsacum:C08L7ACXX:6:250048015	0.022275258	0.0072477255	-0.024616068	-8.087266E-7	0.0071207522
